function define_filters

% Function to generate the filter.mat file containing the filter 
% coefficients needed by cconvol.m to perform the convolution 
% calculations.
% 
% The filter values are based on:
% Christensen, N. B., 1990. Optimized Fast Hankel Transform filters.
%   Geophysical Prospecting 38(5), 545--568.
%
% Written by:
% Thomas Ingeman-Nielsen
% The Arctic Technology Center, BYG
% Technical University of Denmark
% Email: tin@byg.dtu.dk

J01 = [...
        2.30251282873E-21, 2.89869191107E-21, 3.64923690780E-21,...
        4.59411707689E-21, 5.78365073286E-21, 7.28118488054E-21,...
        9.16646867408E-21, 1.15399003502E-20, 1.45278738005E-20,...
        1.82895095067E-20, 2.30251282873E-20, 2.89869191107E-20,...
        3.64923690780E-20, 4.59411707689E-20, 5.78365073286E-20,...
        7.28118488054E-20, 9.16646867408E-20, 1.15399003502E-19,...
        1.45278738005E-19, 1.82895095067E-19, 2.30251282873E-19,...
        2.89869191107E-19, 3.64923690780E-19, 4.59411707689E-19,...
        5.78365073286E-19, 7.28118488054E-19, 9.16646867408E-19,...
        1.15399003502E-18, 1.45278738005E-18, 1.82895095067E-18,...
        2.30251282873E-18, 2.89869191107E-18, 3.64923690780E-18,...
        4.59411707689E-18, 5.78365073286E-18, 7.28118488054E-18,...
        9.16646867408E-18, 1.15399003502E-17, 1.45278738005E-17,...
        1.82895095067E-17, 2.30251282873E-17, 2.89869191107E-17,...
        3.64923690780E-17, 4.59411707689E-17, 5.78365073286E-17,...
        7.28118488054E-17, 9.16646867408E-17, 1.15399003502E-16,...
        1.45278738005E-16, 1.82895095067E-16, 2.30251282873E-16,...
        2.89869191107E-16, 3.64923690780E-16, 4.59411707689E-16,...
        5.78365073286E-16, 7.28118488054E-16, 9.16646867408E-16,...
        1.15399003502E-15, 1.45278738005E-15, 1.82895095067E-15,... %DATA J02 /						    
        2.30251282873E-15, 2.89869191107E-15, 3.64923690780E-15,...
        4.59411707689E-15, 5.78365073286E-15, 7.28118488054E-15,...
        9.16646867408E-15, 1.15399003502E-14, 1.45278738005E-14,...
        1.82895095067E-14, 2.30251282873E-14, 2.89869191107E-14,...
        3.64923690780E-14, 4.59411707689E-14, 5.78365073286E-14,...
        7.28118488054E-14, 9.16646867408E-14, 1.15399003502E-13,...
        1.45278738005E-13, 1.82895095067E-13, 2.30251282873E-13,...
        2.89869191107E-13, 3.64923690780E-13, 4.59411707689E-13,...
        5.78365073286E-13, 7.28118488054E-13, 9.16646867408E-13,...
        1.15399003502E-12, 1.45278738005E-12, 1.82895095067E-12,...
        2.30251282873E-12, 2.89869191107E-12, 3.64923690780E-12,...
        4.59411707689E-12, 5.78365073286E-12, 7.28118488054E-12,...
        9.16646867408E-12, 1.15399003502E-11, 1.45278738005E-11,...
        1.82895095067E-11, 2.30251282873E-11, 2.89869191107E-11,...
        3.64923690780E-11, 4.59411707689E-11, 5.78365073286E-11,...
        7.28118488054E-11, 9.16646867408E-11, 1.15399003502E-10,...
        1.45278738005E-10, 1.82895095067E-10, 2.30251282873E-10,...
        2.89869191107E-10, 3.64923690780E-10, 4.59411707689E-10,...
        5.78365073286E-10, 7.28118488054E-10, 9.16646867408E-10,... %     DATA J03 /						      
        1.15399003502E-09, 1.45278738005E-09, 1.82895095067E-09,...
        2.30251282873E-09, 2.89869191107E-09, 3.64923690780E-09,...
        4.59411707689E-09, 5.78365073286E-09, 7.28118488054E-09,...
        9.16646867408E-09, 1.15399003502E-08, 1.45278738005E-08,...
        1.82895095067E-08, 2.30251282873E-08, 2.89869191107E-08,...
        3.64923690780E-08, 4.59411707689E-08, 5.78365073286E-08,...
        7.28118488054E-08, 9.16646867408E-08, 1.15399003502E-07,...
        1.45278738005E-07, 1.82895095067E-07, 2.30251282873E-07,...
        2.89869191107E-07, 3.64923690780E-07, 4.59411707689E-07,...
        5.78365073285E-07, 7.28118488052E-07, 9.16646867404E-07,...
        1.15399003501E-06, 1.45278738003E-06, 1.82895095064E-06,...
        2.30251282867E-06, 2.89869191095E-06, 3.64923690758E-06,...
        4.59411707644E-06, 5.78365073195E-06, 7.28118487872E-06,...
        9.16646867045E-06, 1.15399003430E-05, 1.45278737860E-05,...
        1.82895094779E-05, 2.30251282297E-05, 2.89869189958E-05,...
        3.64923688489E-05, 4.59411703117E-05, 5.78365064162E-05,...
        7.28118469850E-05, 9.16646831086E-05, 1.15398996255E-04,...
        1.45278723545E-04, 1.82895066216E-04, 2.30251225306E-04,...
        2.89869076247E-04, 3.64923461604E-04, 4.59411250423E-04,... %DATA J04 /
        5.78364160920E-04, 7.28116667643E-04, 9.16643235217E-04,...
        1.15398278784E-03, 1.45277292006E-03, 1.82892209919E-03,...
        2.30245526274E-03, 2.89857705186E-03, 3.64900773583E-03,...
        4.59365982051E-03, 5.78273840567E-03, 7.27936457548E-03,...
        9.16283685839E-03, 1.15326542506E-02, 1.45134174958E-02,...
        1.82606689882E-02, 2.29675986572E-02, 2.88721706030E-02,...
        3.62635577835E-02, 4.54850275983E-02, 5.69277656746E-02,...
        7.10027008536E-02, 8.80685210410E-02, 1.08264277045E-01,...
        1.31175863070E-01, 1.55158221880E-01, 1.76192710015E-01,...
        1.85876995278E-01, 1.69365111703E-01, 1.03959768545E-01,...
       -3.10930553773E-02,-2.26627317132E-01,-3.63038011380E-01,...
       -2.05495704279E-01, 3.42146510984E-01, 3.05772953116E-01,...
       -5.00859313870E-01, 3.05625273560E-01,-1.35532781438E-01,...
        5.91884875621E-02,-2.64075211274E-02, 1.10378829555E-02,...
       -4.42794704514E-03, 1.76464110345E-03,-7.02632756477E-04,...
        2.79730481886E-04,-1.11363173935E-04, 4.43345073089E-05,...
       -1.76498871074E-05, 7.02654673076E-06,-2.79731864600E-06,...
        1.11363261176E-06,-4.43345128132E-07, 1.76498874541E-07,...
       -7.02654675496E-08, 2.79731864738E-08,-1.11363261185E-08,... %DATA J05 /
        4.43345128138E-09,-1.76498874542E-09, 7.02654675497E-10,...
       -2.79731864738E-10, 1.11363261185E-10,-4.43345128138E-11,...
        1.76498874542E-11,-7.02654675497E-12, 2.79731864738E-12,...
       -1.11363261185E-12, 4.43345128138E-13,-1.76498874542E-13,...
        7.02654675497E-14,-2.79731864738E-14, 1.11363261185E-14,...
       -4.43345128138E-15, 1.76498874542E-15,-7.02654675497E-16,...
        2.79731864738E-16,-1.11363261185E-16, 4.43345128138E-17,...
       -1.76498874542E-17, 7.02654675497E-18,-2.79731864738E-18,...
        1.11363261185E-18,-4.43345128138E-19, 1.76498874542E-19,...
       -7.02654675497E-20, 2.79731864738E-20,-1.11363261185E-20,...
        4.43345128138E-21,-1.76498874542E-21, 7.02654675497E-22,...
       -2.79731864738E-22, 1.11363261185E-22,-4.43345128138E-23,...
        1.76498874542E-23,-7.02654675497E-24, 2.79731864738E-24,...
       -1.11363261185E-24, 4.43345128138E-25,-1.76498874542E-25,...
        7.02654675497E-26,-2.79731864738E-26, 1.11363261185E-26,...
       -4.43345128138E-27, 1.76498874542E-27,-7.02654675497E-28,...
        2.79731864738E-28,-1.11363261185E-28, 4.43345128138E-29,...
       -1.76498874542E-29, 7.02654675497E-30,-2.79731864738E-30,...
        1.11363261185E-30,-4.43345128138E-31, 1.76498874542E-31,... %DATA J06 /
       -7.02654675497E-32, 2.79731864738E-32,-1.11363261185E-32,...
        4.43345128138E-33,-1.76498874542E-33, 7.02654675497E-34,...
       -2.79731864738E-34, 1.11363261185E-34,-4.43345128138E-35,...
        1.76498874542E-35,-7.02654675497E-36, 2.79731864738E-36,...
       -1.11363261185E-36...
    ];

